Store,Dept,Date,actual,prediction,IsHoliday
2,16,2012-02-03,12100.76,10634.015,False
2,16,2012-02-10,14331.81,10554.321,True
2,16,2012-02-17,11628.3,13169.545,False
2,16,2012-02-24,18344.1,14049.607,False
2,16,2012-03-02,29071.02,19915.896,False
2,16,2012-03-09,30060.91,22773.725,False
2,16,2012-03-16,38449.89,28036.367,False
2,16,2012-03-23,39796.37,32716.63,False
2,16,2012-03-30,57270.21,30257.344,False
2,16,2012-04-06,58753.03,36892.656,False
2,16,2012-04-13,49269.1,33786.656,False
2,16,2012-04-20,43658.78,37557.547,False
2,16,2012-04-27,47384.36,33241.383,False
2,16,2012-05-04,54561.21,34986.766,False
2,16,2012-05-11,45366.08,34997.14,False
2,16,2012-05-18,44772.09,35714.39,False
2,16,2012-05-25,53840.9,36859.867,False
2,16,2012-06-01,51827.41,47753.805,False
2,16,2012-06-08,44017.97,45897.58,False
2,16,2012-06-15,42603.99,41575.938,False
2,16,2012-06-22,45878.38,39493.74,False
2,16,2012-06-29,48796.53,38819.28,False
2,16,2012-07-06,49878.72,39116.402,False
2,16,2012-07-13,28746.12,31826.387,False
2,16,2012-07-20,30715.15,29645.258,False
2,16,2012-07-27,29470.21,24843.89,False
2,16,2012-08-03,30756.74,24314.994,False
2,16,2012-08-10,24513.0,21742.922,False
2,16,2012-08-17,21813.9,20789.002,False
2,16,2012-08-24,20245.01,20018.219,False
2,16,2012-08-31,18075.31,17838.723,False
2,16,2012-09-07,21633.53,17448.352,True
2,16,2012-09-14,10942.85,15921.545,False
2,16,2012-09-21,11361.67,15331.025,False
2,16,2012-09-28,10878.34,14247.912,False
2,16,2012-10-05,7781.04,14634.394,False
2,16,2012-10-12,8109.4,12216.924,False
2,16,2012-10-19,7769.29,11960.466,False
2,16,2012-10-26,7487.94,12350.396,False
3,4,2012-02-03,10169.59,8999.048,False
3,4,2012-02-10,9462.19,8549.734,True
3,4,2012-02-17,9201.77,8600.716,False
3,4,2012-02-24,8054.05,8288.932,False
3,4,2012-03-02,9886.61,8817.645,False
3,4,2012-03-09,9217.05,8306.687,False
3,4,2012-03-16,8791.92,8154.9854,False
3,4,2012-03-23,8545.2,8022.4087,False
3,4,2012-03-30,8547.71,7642.3247,False
3,4,2012-04-06,9767.34,7947.462,False
3,4,2012-04-13,8665.81,7151.816,False
3,4,2012-04-20,8902.68,7668.792,False
3,4,2012-04-27,8659.56,7802.3804,False
3,4,2012-05-04,10428.56,8698.866,False
3,4,2012-05-11,8428.7,8013.271,False
3,4,2012-05-18,9279.44,8011.3345,False
3,4,2012-05-25,8873.67,7930.1753,False
3,4,2012-06-01,9785.43,8753.41,False
3,4,2012-06-08,10076.05,8342.569,False
3,4,2012-06-15,9651.64,8060.1885,False
3,4,2012-06-22,8508.55,7938.8076,False
3,4,2012-06-29,9120.68,8155.6562,False
3,4,2012-07-06,9918.68,8703.619,False
3,4,2012-07-13,9472.05,7942.62,False
3,4,2012-07-20,9038.25,8157.2188,False
3,4,2012-07-27,9046.04,8030.3696,False
3,4,2012-08-03,10436.56,9063.448,False
3,4,2012-08-10,9778.18,8815.951,False
3,4,2012-08-17,9746.96,8902.096,False
3,4,2012-08-24,9407.82,8397.947,False
3,4,2012-08-31,9454.64,8651.568,False
3,4,2012-09-07,9651.79,8184.083,True
3,4,2012-09-14,9200.13,8161.9,False
3,4,2012-09-21,8853.35,8255.412,False
3,4,2012-09-28,8022.81,7840.9067,False
3,4,2012-10-05,10434.33,9049.197,False
3,4,2012-10-12,9072.09,8565.524,False
3,4,2012-10-19,9454.2,7906.6333,False
3,4,2012-10-26,8459.82,7891.594,False
3,21,2012-02-03,1302.07,1174.9479,False
3,21,2012-02-10,1192.35,1151.9344,True
3,21,2012-02-17,1452.02,1124.2996,False
3,21,2012-02-24,1310.46,1139.2369,False
3,21,2012-03-02,1568.48,1113.874,False
3,21,2012-03-09,1500.13,1061.5662,False
3,21,2012-03-16,1664.24,1031.009,False
3,21,2012-03-23,1377.28,1038.6461,False
3,21,2012-03-30,1379.41,1010.1511,False
3,21,2012-04-06,2157.38,1007.5013,False
3,21,2012-04-13,1607.64,996.9561,False
3,21,2012-04-20,1382.41,1133.5438,False
3,21,2012-04-27,1329.35,1142.1415,False
3,21,2012-05-04,1804.28,1170.613,False
3,21,2012-05-11,1437.15,1082.8232,False
3,21,2012-05-18,1424.83,1090.9891,False
3,21,2012-05-25,1319.65,1152.4196,False
3,21,2012-06-01,1265.59,1162.128,False
3,21,2012-06-08,1459.71,1100.3654,False
3,21,2012-06-15,1390.75,1118.1399,False
3,21,2012-06-22,1091.15,1077.6438,False
3,21,2012-06-29,1123.09,1185.1471,False
3,21,2012-07-06,1213.55,1167.6641,False
3,21,2012-07-13,1180.69,1121.0208,False
3,21,2012-07-20,1335.28,1118.9172,False
3,21,2012-07-27,1442.25,1151.5875,False
3,21,2012-08-03,1454.22,1136.2242,False
3,21,2012-08-10,1325.97,1102.3689,False
3,21,2012-08-17,1350.86,1094.8839,False
3,21,2012-08-24,1297.29,1199.8468,False
3,21,2012-08-31,1158.29,1204.4785,False
3,21,2012-09-07,1216.67,1214.352,True
3,21,2012-09-14,1179.6,1333.4169,False
3,21,2012-09-21,1699.92,1294.3113,False
3,21,2012-09-28,1729.69,1227.1733,False
3,21,2012-10-05,1234.28,1419.0328,False
3,21,2012-10-12,1577.15,1342.5273,False
3,21,2012-10-19,1519.04,1332.5176,False
3,21,2012-10-26,1223.23,1508.263,False
7,3,2012-02-03,8848.4,9384.055,False
7,3,2012-02-10,8360.05,9319.858,True
7,3,2012-02-17,8683.21,10128.516,False
7,3,2012-02-24,8790.11,9349.211,False
7,3,2012-03-02,7630.58,9229.176,False
7,3,2012-03-09,8656.35,8591.759,False
7,3,2012-03-16,9467.71,9123.492,False
7,3,2012-03-23,8751.25,8907.875,False
7,3,2012-03-30,7453.85,8810.019,False
7,3,2012-04-06,7950.78,8419.446,False
7,3,2012-04-13,6089.81,7488.2485,False
7,3,2012-04-20,6801.59,7657.9536,False
7,3,2012-04-27,6352.72,6961.629,False
7,3,2012-05-04,5890.5,7080.834,False
7,3,2012-05-11,5583.19,7077.791,False
7,3,2012-05-18,5858.68,6844.1553,False
7,3,2012-05-25,7031.67,6729.122,False
7,3,2012-06-01,7754.88,6729.669,False
7,3,2012-06-08,7234.03,7163.4453,False
7,3,2012-06-15,8521.53,7845.2817,False
7,3,2012-06-22,7636.84,8278.571,False
7,3,2012-06-29,9291.87,8734.23,False
7,3,2012-07-06,12257.56,9648.732,False
7,3,2012-07-13,9717.63,9571.306,False
7,3,2012-07-20,12024.2,10395.641,False
7,3,2012-07-27,12027.41,10926.891,False
7,3,2012-08-03,13451.28,13021.069,False
7,3,2012-08-10,18884.22,15293.596,False
7,3,2012-08-17,24180.98,17811.887,False
7,3,2012-08-24,23203.69,19314.445,False
7,3,2012-08-31,13721.87,12307.042,False
7,3,2012-09-07,10657.84,10669.835,True
7,3,2012-09-14,8112.14,10240.959,False
7,3,2012-09-21,8074.66,9633.732,False
7,3,2012-09-28,6965.13,8485.927,False
7,3,2012-10-05,7257.92,8448.31,False
7,3,2012-10-12,7327.1,8336.365,False
7,3,2012-10-19,5800.98,9237.215,False
7,3,2012-10-26,6861.92,8795.076,False
7,31,2012-02-03,1999.37,2344.4436,False
7,31,2012-02-10,1752.14,2265.2034,True
7,31,2012-02-17,2311.4,2593.5369,False
7,31,2012-02-24,1990.91,2299.0713,False
7,31,2012-03-02,1732.95,2574.3362,False
7,31,2012-03-09,2123.4,2456.031,False
7,31,2012-03-16,3787.35,2884.7344,False
7,31,2012-03-23,2417.69,2538.7598,False
7,31,2012-03-30,1477.12,2234.0728,False
7,31,2012-04-06,1607.87,1899.2413,False
7,31,2012-04-13,1057.19,1571.0745,False
7,31,2012-04-20,655.68,1779.1361,False
7,31,2012-04-27,926.22,1502.8157,False
7,31,2012-05-04,653.9,1294.3137,False
7,31,2012-05-11,681.93,1243.8926,False
7,31,2012-05-18,588.86,1241.0009,False
7,31,2012-05-25,656.38,1185.7511,False
7,31,2012-06-01,651.58,1227.3245,False
7,31,2012-06-08,1070.26,1261.6917,False
7,31,2012-06-15,992.88,1656.707,False
7,31,2012-06-22,1120.92,1658.1898,False
7,31,2012-06-29,1131.48,1651.9983,False
7,31,2012-07-06,1610.91,2031.2635,False
7,31,2012-07-13,1816.36,1743.2965,False
7,31,2012-07-20,1809.45,1901.8403,False
7,31,2012-07-27,2425.02,1797.3605,False
7,31,2012-08-03,2198.53,2257.0552,False
7,31,2012-08-10,2324.08,2679.2185,False
7,31,2012-08-17,3571.66,3373.9941,False
7,31,2012-08-24,2763.43,2969.167,False
7,31,2012-08-31,2146.68,2152.3906,False
7,31,2012-09-07,1522.68,2004.0204,True
7,31,2012-09-14,1164.87,2442.5698,False
7,31,2012-09-21,1320.98,2022.4626,False
7,31,2012-09-28,1639.14,1312.0381,False
7,31,2012-10-05,1266.74,1791.0378,False
7,31,2012-10-12,1561.7,1904.2609,False
7,31,2012-10-19,1772.8,1682.7603,False
7,31,2012-10-26,1780.2,1921.5477,False
8,4,2012-02-03,22785.92,21445.117,False
8,4,2012-02-10,22853.19,20606.547,True
8,4,2012-02-17,20854.16,21170.008,False
8,4,2012-02-24,21926.55,20285.338,False
8,4,2012-03-02,22272.36,21167.201,False
8,4,2012-03-09,20736.09,20269.56,False
8,4,2012-03-16,19607.79,19860.092,False
8,4,2012-03-23,20342.24,20166.084,False
8,4,2012-03-30,19998.05,19736.168,False
8,4,2012-04-06,23796.81,20381.172,False
8,4,2012-04-13,21931.4,19249.062,False
8,4,2012-04-20,20829.23,20773.555,False
8,4,2012-04-27,20044.83,20085.318,False
8,4,2012-05-04,22699.55,21590.684,False
8,4,2012-05-11,21316.18,20605.777,False
8,4,2012-05-18,21290.66,20936.613,False
8,4,2012-05-25,22451.06,20439.941,False
8,4,2012-06-01,22934.75,21521.953,False
8,4,2012-06-08,22932.88,20608.002,False
8,4,2012-06-15,20642.77,20335.105,False
8,4,2012-06-22,20752.05,19888.053,False
8,4,2012-06-29,21021.72,20449.729,False
8,4,2012-07-06,23215.61,21609.377,False
8,4,2012-07-13,20877.74,19931.805,False
8,4,2012-07-20,21174.9,20671.09,False
8,4,2012-07-27,20833.36,20245.822,False
8,4,2012-08-03,22956.47,22307.75,False
8,4,2012-08-10,23019.91,21905.355,False
8,4,2012-08-17,22168.53,22574.934,False
8,4,2012-08-24,25922.45,23697.535,False
8,4,2012-08-31,25756.61,22134.883,False
8,4,2012-09-07,22229.97,21685.523,True
8,4,2012-09-14,20405.78,20404.213,False
8,4,2012-09-21,20624.28,20882.705,False
8,4,2012-09-28,20327.71,20134.111,False
8,4,2012-10-05,23962.08,23082.016,False
8,4,2012-10-12,20467.88,20643.293,False
8,4,2012-10-19,22333.67,21241.844,False
8,4,2012-10-26,21285.75,20911.486,False
14,14,2012-02-03,21713.03,22347.441,False
14,14,2012-02-10,26118.34,23481.494,True
14,14,2012-02-17,23753.58,25291.363,False
14,14,2012-02-24,24022.94,22779.812,False
14,14,2012-03-02,23655.01,23414.541,False
14,14,2012-03-09,23356.54,21493.102,False
14,14,2012-03-16,22207.4,22603.541,False
14,14,2012-03-23,18462.81,24161.201,False
14,14,2012-03-30,23461.4,20382.424,False
14,14,2012-04-06,25844.96,20086.875,False
14,14,2012-04-13,26300.29,20210.766,False
14,14,2012-04-20,22934.14,26902.355,False
14,14,2012-04-27,19850.6,23165.645,False
14,14,2012-05-04,24135.24,21794.365,False
14,14,2012-05-11,23438.86,21163.934,False
14,14,2012-05-18,23623.82,21323.268,False
14,14,2012-05-25,23552.34,21551.66,False
14,14,2012-06-01,21625.07,20679.566,False
14,14,2012-06-08,24988.85,20337.066,False
14,14,2012-06-15,21863.13,23236.303,False
14,14,2012-06-22,18558.47,21808.883,False
14,14,2012-06-29,18179.51,21619.418,False
14,14,2012-07-06,19398.04,21333.373,False
14,14,2012-07-13,17480.61,19338.8,False
14,14,2012-07-20,16946.39,20377.031,False
14,14,2012-07-27,16967.88,20221.633,False
14,14,2012-08-03,19119.75,21228.715,False
14,14,2012-08-10,17997.71,21896.074,False
14,14,2012-08-17,20563.31,22985.049,False
14,14,2012-08-24,20580.96,25031.598,False
14,14,2012-08-31,17861.86,21061.066,False
14,14,2012-09-07,22879.05,25703.852,True
14,14,2012-09-14,18487.6,21786.373,False
14,14,2012-09-21,17612.05,25454.234,False
14,14,2012-09-28,17097.74,21828.812,False
14,14,2012-10-05,19685.47,25976.22,False
14,14,2012-10-12,17547.34,23286.396,False
14,14,2012-10-19,17165.82,23121.805,False
14,14,2012-10-26,19284.29,27862.299,False
15,4,2012-02-03,11704.53,12247.186,False
15,4,2012-02-10,12747.16,11816.245,True
15,4,2012-02-17,11488.98,12400.91,False
15,4,2012-02-24,11614.38,11958.343,False
15,4,2012-03-02,12096.68,12665.47,False
15,4,2012-03-09,11728.12,12417.7705,False
15,4,2012-03-16,11849.23,12117.972,False
15,4,2012-03-23,11787.14,12206.696,False
15,4,2012-03-30,11999.35,11983.787,False
15,4,2012-04-06,13653.66,12769.137,False
15,4,2012-04-13,11270.11,11964.701,False
15,4,2012-04-20,11079.37,12815.357,False
15,4,2012-04-27,11171.84,11912.254,False
15,4,2012-05-04,12123.28,12855.92,False
15,4,2012-05-11,11729.51,12519.186,False
15,4,2012-05-18,11463.99,13007.159,False
15,4,2012-05-25,14089.96,13219.954,False
15,4,2012-06-01,13726.48,14145.918,False
15,4,2012-06-08,14580.26,13529.576,False
15,4,2012-06-15,13684.75,13549.5,False
15,4,2012-06-22,14203.95,13989.396,False
15,4,2012-06-29,14148.17,14501.557,False
15,4,2012-07-06,15367.14,15120.131,False
15,4,2012-07-13,14072.6,14150.478,False
15,4,2012-07-20,14403.33,14471.684,False
15,4,2012-07-27,13493.08,14133.569,False
15,4,2012-08-03,14832.84,15143.798,False
15,4,2012-08-10,13953.48,14816.947,False
15,4,2012-08-17,14060.95,15313.275,False
15,4,2012-08-24,14423.46,15653.074,False
15,4,2012-08-31,14324.48,15610.277,False
15,4,2012-09-07,15076.11,15299.518,True
15,4,2012-09-14,12380.14,13616.534,False
15,4,2012-09-21,12487.97,13781.894,False
15,4,2012-09-28,12404.62,13024.9,False
15,4,2012-10-05,12950.57,13541.6,False
15,4,2012-10-12,12441.16,12782.07,False
15,4,2012-10-19,12596.73,13905.034,False
15,4,2012-10-26,12911.03,13597.055,False
15,52,2012-02-03,1428.49,1339.973,False
15,52,2012-02-10,1915.05,1417.1149,True
15,52,2012-02-17,2085.82,1519.1439,False
15,52,2012-02-24,1746.92,1496.5055,False
15,52,2012-03-02,1504.78,1519.6139,False
15,52,2012-03-09,1379.55,1539.2413,False
15,52,2012-03-16,1414.25,1527.214,False
15,52,2012-03-23,1469.19,1640.2329,False
15,52,2012-03-30,1723.89,1510.1881,False
15,52,2012-04-06,1911.18,1553.183,False
15,52,2012-04-13,1190.78,1466.077,False
15,52,2012-04-20,1190.51,1733.6453,False
15,52,2012-04-27,1288.72,1364.693,False
15,52,2012-05-04,1346.51,1543.1604,False
15,52,2012-05-11,1494.69,1549.2589,False
15,52,2012-05-18,2090.78,1534.816,False
15,52,2012-05-25,1233.84,1554.5454,False
15,52,2012-06-01,1617.8,1369.3754,False
15,52,2012-06-08,1437.01,1393.2485,False
15,52,2012-06-15,1393.2,1385.2711,False
15,52,2012-06-22,1546.97,1377.1616,False
15,52,2012-06-29,1400.74,1315.5458,False
15,52,2012-07-06,1458.35,1374.94,False
15,52,2012-07-13,938.82,1184.8245,False
15,52,2012-07-20,1201.41,1221.7195,False
15,52,2012-07-27,1683.64,1314.4609,False
15,52,2012-08-03,801.29,1409.0212,False
15,52,2012-08-10,1161.86,1251.8805,False
15,52,2012-08-17,1258.94,1179.266,False
15,52,2012-08-24,1283.96,1176.457,False
15,52,2012-08-31,1544.94,1231.9395,False
15,52,2012-09-07,1450.55,1529.4087,True
15,52,2012-09-14,1061.79,1407.085,False
15,52,2012-09-21,851.05,1446.1255,False
15,52,2012-09-28,1847.98,1397.4255,False
15,52,2012-10-05,1453.96,1487.8293,False
15,52,2012-10-12,1602.22,1440.8724,False
15,52,2012-10-19,1351.43,1525.1198,False
15,52,2012-10-26,1575.2,1790.2732,False
16,17,2012-02-03,7828.4,8304.1455,False
16,17,2012-02-10,6534.5,7539.0664,True
16,17,2012-02-17,7030.2,7564.5396,False
16,17,2012-02-24,7667.73,7448.988,False
16,17,2012-03-02,4898.28,7568.1606,False
16,17,2012-03-09,7296.76,7123.921,False
16,17,2012-03-16,6867.05,6852.693,False
16,17,2012-03-23,7777.28,6498.4688,False
16,17,2012-03-30,6807.44,6502.702,False
16,17,2012-04-06,5162.27,6553.1304,False
16,17,2012-04-13,5503.21,5708.3936,False
16,17,2012-04-20,5039.2,6314.9272,False
16,17,2012-04-27,5211.4,6698.727,False
16,17,2012-05-04,6034.95,7189.9033,False
16,17,2012-05-11,6129.37,6725.0713,False
16,17,2012-05-18,5681.86,6281.916,False
16,17,2012-05-25,5562.75,6615.8916,False
16,17,2012-06-01,7218.71,7428.4893,False
16,17,2012-06-08,6114.02,6796.0044,False
16,17,2012-06-15,6321.2,6904.2954,False
16,17,2012-06-22,7436.15,6910.0244,False
16,17,2012-06-29,7138.91,7269.536,False
16,17,2012-07-06,7519.29,7873.186,False
16,17,2012-07-13,6509.42,7272.6846,False
16,17,2012-07-20,8040.51,6881.967,False
16,17,2012-07-27,7163.85,7288.7856,False
16,17,2012-08-03,8218.35,8149.7017,False
16,17,2012-08-10,8204.82,7639.154,False
16,17,2012-08-17,8345.54,7400.6914,False
16,17,2012-08-24,8440.25,7467.2837,False
16,17,2012-08-31,7874.98,7786.1772,False
16,17,2012-09-07,8004.29,8589.757,True
16,17,2012-09-14,7266.09,7241.8857,False
16,17,2012-09-21,7484.72,7581.0967,False
16,17,2012-09-28,7002.92,7411.5605,False
16,17,2012-10-05,8113.77,8018.161,False
16,17,2012-10-12,8680.77,8834.593,False
16,17,2012-10-19,9075.73,8877.747,False
16,17,2012-10-26,8171.16,8636.536,False
18,91,2012-02-03,31095.5,21844.648,False
18,91,2012-02-10,31590.27,18858.09,True
18,91,2012-02-17,24913.68,16902.166,False
18,91,2012-02-24,25393.68,16167.992,False
18,91,2012-03-02,27630.36,14987.52,False
18,91,2012-03-09,30072.36,15514.432,False
18,91,2012-03-16,25112.09,13017.863,False
18,91,2012-03-23,21784.51,12716.51,False
18,91,2012-03-30,23084.14,13789.127,False
18,91,2012-04-06,29794.36,14878.204,False
18,91,2012-04-13,23209.19,14098.002,False
18,91,2012-04-20,22273.05,11431.586,False
18,91,2012-04-27,22542.72,12568.09,False
18,91,2012-05-04,28580.06,13563.493,False
18,91,2012-05-11,25078.99,13091.593,False
18,91,2012-05-18,22520.71,12955.172,False
18,91,2012-05-25,23276.5,12061.427,False
18,91,2012-06-01,22522.83,11990.042,False
18,91,2012-06-08,28179.88,13210.429,False
18,91,2012-06-15,23339.99,11686.658,False
18,91,2012-06-22,22444.73,11897.9,False
18,91,2012-06-29,23120.91,12128.982,False
18,91,2012-07-06,26087.33,13305.997,False
18,91,2012-07-13,22289.17,12088.799,False
18,91,2012-07-20,22825.78,11174.425,False
18,91,2012-07-27,21889.7,10796.408,False
18,91,2012-08-03,26140.18,10716.014,False
18,91,2012-08-10,21538.65,9419.168,False
18,91,2012-08-17,24074.84,6255.6436,False
18,91,2012-08-24,23533.44,5967.6235,False
18,91,2012-08-31,22649.75,5621.153,False
18,91,2012-09-07,32629.06,7304.1196,True
18,91,2012-09-14,23504.74,5531.0195,False
18,91,2012-09-21,22331.29,4943.479,False
18,91,2012-09-28,24080.12,5285.4155,False
18,91,2012-10-05,31323.42,25007.945,False
18,91,2012-10-12,26275.85,27801.605,False
18,91,2012-10-19,24040.44,28286.824,False
18,91,2012-10-26,25552.73,27202.812,False
24,80,2012-02-03,27772.86,27845.389,False
24,80,2012-02-10,34430.13,29072.488,True
24,80,2012-02-17,27660.4,27583.936,False
24,80,2012-02-24,28200.67,26526.662,False
24,80,2012-03-02,28080.89,27422.434,False
24,80,2012-03-09,29689.69,28390.78,False
24,80,2012-03-16,27088.66,26613.928,False
24,80,2012-03-23,25853.02,26238.248,False
24,80,2012-03-30,26477.87,25408.469,False
24,80,2012-04-06,31386.64,27067.357,False
24,80,2012-04-13,26344.08,26560.477,False
24,80,2012-04-20,26982.83,27551.7,False
24,80,2012-04-27,25883.44,26120.277,False
24,80,2012-05-04,29367.08,28140.96,False
24,80,2012-05-11,30062.8,28901.441,False
24,80,2012-05-18,27678.72,27913.27,False
24,80,2012-05-25,30099.04,27853.871,False
24,80,2012-06-01,29781.2,29416.672,False
24,80,2012-06-08,30491.43,31157.318,False
24,80,2012-06-15,29918.8,30168.09,False
24,80,2012-06-22,29095.0,29646.729,False
24,80,2012-06-29,30038.0,29538.803,False
24,80,2012-07-06,34293.58,32345.582,False
24,80,2012-07-13,31050.74,32017.844,False
24,80,2012-07-20,30947.45,31096.977,False
24,80,2012-07-27,29508.01,30386.045,False
24,80,2012-08-03,30318.14,31202.734,False
24,80,2012-08-10,32807.73,32198.75,False
24,80,2012-08-17,30136.82,30031.541,False
24,80,2012-08-24,26681.21,30510.428,False
24,80,2012-08-31,29261.81,21685.285,False
24,80,2012-09-07,32266.96,31855.385,True
24,80,2012-09-14,28025.54,30164.322,False
24,80,2012-09-21,27339.23,29891.158,False
24,80,2012-09-28,26598.61,28551.148,False
24,80,2012-10-05,30765.0,29867.629,False
24,80,2012-10-12,30247.6,31743.988,False
24,80,2012-10-19,28471.35,29225.436,False
24,80,2012-10-26,28520.29,29167.252,False
24,92,2012-02-03,127357.19,127260.73,False
24,92,2012-02-10,142838.86,129018.37,True
24,92,2012-02-17,114955.81,119198.42,False
24,92,2012-02-24,119799.9,115661.24,False
24,92,2012-03-02,122692.52,122681.766,False
24,92,2012-03-09,140387.55,129797.62,False
24,92,2012-03-16,113101.76,117076.41,False
24,92,2012-03-23,100717.0,114200.47,False
24,92,2012-03-30,109437.43,110115.48,False
24,92,2012-04-06,148783.69,126696.35,False
24,92,2012-04-13,116931.2,115265.484,False
24,92,2012-04-20,110002.25,118595.56,False
24,92,2012-04-27,112923.82,105207.58,False
24,92,2012-05-04,133564.81,121726.125,False
24,92,2012-05-11,135166.01,117565.18,False
24,92,2012-05-18,110384.88,113788.72,False
24,92,2012-05-25,119002.81,110438.836,False
24,92,2012-06-01,113518.23,117967.08,False
24,92,2012-06-08,141050.76,124713.41,False
24,92,2012-06-15,121220.37,115588.805,False
24,92,2012-06-22,111110.79,111046.78,False
24,92,2012-06-29,121032.31,116165.02,False
24,92,2012-07-06,144750.97,132790.11,False
24,92,2012-07-13,127325.76,121516.516,False
24,92,2012-07-20,119197.53,115085.72,False
24,92,2012-07-27,116273.29,112492.13,False
24,92,2012-08-03,132483.29,124134.64,False
24,92,2012-08-10,147557.68,130486.53,False
24,92,2012-08-17,120974.69,119897.27,False
24,92,2012-08-24,114312.22,126178.89,False
24,92,2012-08-31,114999.79,109931.42,False
24,92,2012-09-07,148160.88,143822.27,True
24,92,2012-09-14,127620.98,118834.1,False
24,92,2012-09-21,122230.72,120413.79,False
24,92,2012-09-28,123594.9,113526.26,False
24,92,2012-10-05,150026.37,142847.45,False
24,92,2012-10-12,146764.4,130995.51,False
24,92,2012-10-19,126124.97,119718.87,False
24,92,2012-10-26,134136.75,126669.67,False
27,17,2012-02-03,16939.27,16546.918,False
27,17,2012-02-10,17413.47,17617.047,True
27,17,2012-02-17,16983.26,18832.797,False
27,17,2012-02-24,21130.64,18243.402,False
27,17,2012-03-02,16976.53,17935.928,False
27,17,2012-03-09,16869.29,18191.42,False
27,17,2012-03-16,18315.54,19242.314,False
27,17,2012-03-23,18355.01,18936.979,False
27,17,2012-03-30,18413.52,17111.213,False
27,17,2012-04-06,19852.29,18601.008,False
27,17,2012-04-13,15051.93,17930.44,False
27,17,2012-04-20,13134.67,21007.414,False
27,17,2012-04-27,15766.8,17713.186,False
27,17,2012-05-04,15222.16,17252.895,False
27,17,2012-05-11,14883.57,18015.992,False
27,17,2012-05-18,14965.05,18745.725,False
27,17,2012-05-25,15326.1,17422.75,False
27,17,2012-06-01,15868.04,16401.521,False
27,17,2012-06-08,16467.9,16074.802,False
27,17,2012-06-15,15837.54,17520.154,False
27,17,2012-06-22,16151.7,18121.387,False
27,17,2012-06-29,15393.04,17374.852,False
27,17,2012-07-06,16053.2,18109.352,False
27,17,2012-07-13,14059.81,17426.469,False
27,17,2012-07-20,16714.44,17998.484,False
27,17,2012-07-27,14997.53,17488.338,False
27,17,2012-08-03,16298.48,17881.203,False
27,17,2012-08-10,17782.7,18714.71,False
27,17,2012-08-17,16064.69,20369.848,False
27,17,2012-08-24,19033.86,23824.006,False
27,17,2012-08-31,16693.32,17228.508,False
27,17,2012-09-07,17393.89,18628.555,True
27,17,2012-09-14,15682.94,16842.467,False
27,17,2012-09-21,16158.86,18415.227,False
27,17,2012-09-28,16542.24,17614.023,False
27,17,2012-10-05,17568.81,17964.86,False
27,17,2012-10-12,20918.3,19642.516,False
27,17,2012-10-19,17650.91,18839.152,False
27,17,2012-10-26,20325.55,21099.934,False
28,31,2012-02-03,1747.62,2190.8665,False
28,31,2012-02-10,2228.04,1818.3986,True
28,31,2012-02-17,2154.53,2288.8481,False
28,31,2012-02-24,1582.97,1915.1287,False
28,31,2012-03-02,1748.44,2942.2144,False
28,31,2012-03-09,2096.14,2288.487,False
28,31,2012-03-16,1480.33,2139.7578,False
28,31,2012-03-23,1471.84,1968.0693,False
28,31,2012-03-30,1938.92,1933.9357,False
28,31,2012-04-06,1810.3,2173.1885,False
28,31,2012-04-13,1842.61,1671.6116,False
28,31,2012-04-20,1944.93,1887.5374,False
28,31,2012-04-27,1807.13,1685.4868,False
28,31,2012-05-04,2091.23,2300.1047,False
28,31,2012-05-11,1727.98,1965.9133,False
28,31,2012-05-18,2019.03,1933.0391,False
28,31,2012-05-25,1499.9,1797.565,False
28,31,2012-06-01,1454.16,2088.0632,False
28,31,2012-06-08,1648.83,1779.9027,False
28,31,2012-06-15,1858.6,1901.8779,False
28,31,2012-06-22,1735.66,1865.0349,False
28,31,2012-06-29,1807.5,1892.9744,False
28,31,2012-07-06,2606.69,2685.355,False
28,31,2012-07-13,2423.4,2070.8208,False
28,31,2012-07-20,2655.92,2768.4185,False
28,31,2012-07-27,3060.09,3080.108,False
28,31,2012-08-03,4899.41,5260.7905,False
28,31,2012-08-10,5160.21,4576.07,False
28,31,2012-08-17,6275.13,5227.5156,False
28,31,2012-08-24,6405.44,5952.341,False
28,31,2012-08-31,6375.18,6741.8564,False
28,31,2012-09-07,2337.31,3388.261,True
28,31,2012-09-14,1914.64,3145.5012,False
28,31,2012-09-21,1391.71,2832.4595,False
28,31,2012-09-28,1725.58,2582.7407,False
28,31,2012-10-05,2210.12,3165.5967,False
28,31,2012-10-12,2082.57,2066.0525,False
28,31,2012-10-19,1401.06,2218.2322,False
28,31,2012-10-26,1900.03,2287.609,False
28,52,2012-02-03,2310.9,2259.095,False
28,52,2012-02-10,3144.59,2395.6763,True
28,52,2012-02-17,2712.66,2608.543,False
28,52,2012-02-24,2474.64,2515.8506,False
28,52,2012-03-02,2232.7,2799.6445,False
28,52,2012-03-09,2622.76,2521.9304,False
28,52,2012-03-16,2464.4,2497.1443,False
28,52,2012-03-23,2566.62,2423.4714,False
28,52,2012-03-30,2745.98,2170.5667,False
28,52,2012-04-06,2423.83,2055.481,False
28,52,2012-04-13,1431.13,2059.7715,False
28,52,2012-04-20,2278.7,2303.252,False
28,52,2012-04-27,2623.96,2090.769,False
28,52,2012-05-04,2263.62,2268.2693,False
28,52,2012-05-11,3366.31,2345.1514,False
28,52,2012-05-18,2702.6,2197.3123,False
28,52,2012-05-25,2273.08,2166.138,False
28,52,2012-06-01,2982.29,2029.4886,False
28,52,2012-06-08,2404.44,1946.5989,False
28,52,2012-06-15,2126.27,1960.3853,False
28,52,2012-06-22,2213.04,1805.7649,False
28,52,2012-06-29,2137.0,1703.7222,False
28,52,2012-07-06,1907.86,1859.0938,False
28,52,2012-07-13,1787.55,1800.1481,False
28,52,2012-07-20,1918.62,1989.9565,False
28,52,2012-07-27,2574.39,2003.458,False
28,52,2012-08-03,2002.89,2026.1953,False
28,52,2012-08-10,1734.41,1983.7283,False
28,52,2012-08-17,1796.58,2027.8167,False
28,52,2012-08-24,2103.62,2003.5627,False
28,52,2012-08-31,2053.41,2324.122,False
28,52,2012-09-07,2551.41,2378.2786,True
28,52,2012-09-14,2127.64,2134.9932,False
28,52,2012-09-21,2165.17,2286.8271,False
28,52,2012-09-28,2160.16,2299.15,False
28,52,2012-10-05,2639.52,2636.6938,False
28,52,2012-10-12,1878.17,2219.5818,False
28,52,2012-10-19,2018.69,2354.3691,False
28,52,2012-10-26,1899.88,3054.5999,False
28,81,2012-02-03,26022.08,26019.355,False
28,81,2012-02-10,23270.75,22673.627,True
28,81,2012-02-17,20947.9,21559.508,False
28,81,2012-02-24,20666.0,20741.773,False
28,81,2012-03-02,24444.93,25602.934,False
28,81,2012-03-09,29544.3,24166.258,False
28,81,2012-03-16,22001.03,20798.002,False
28,81,2012-03-23,20418.86,20599.357,False
28,81,2012-03-30,19779.61,21664.51,False
28,81,2012-04-06,29510.85,24760.883,False
28,81,2012-04-13,22667.66,20445.533,False
28,81,2012-04-20,20781.06,20159.69,False
28,81,2012-04-27,20285.28,19205.588,False
28,81,2012-05-04,26589.16,25502.543,False
28,81,2012-05-11,20822.64,20976.762,False
28,81,2012-05-18,19224.3,20284.035,False
28,81,2012-05-25,20113.3,19309.541,False
28,81,2012-06-01,22513.96,24473.412,False
28,81,2012-06-08,25265.62,23418.89,False
28,81,2012-06-15,21288.77,20780.246,False
28,81,2012-06-22,20309.76,20196.943,False
28,81,2012-06-29,19264.87,21557.697,False
28,81,2012-07-06,29215.94,26834.316,False
28,81,2012-07-13,20724.75,21285.281,False
28,81,2012-07-20,20700.57,20798.48,False
28,81,2012-07-27,19781.33,19503.248,False
28,81,2012-08-03,26412.29,25494.477,False
28,81,2012-08-10,22053.06,22704.559,False
28,81,2012-08-17,19929.36,20749.4,False
28,81,2012-08-24,20574.93,20293.57,False
28,81,2012-08-31,19278.79,23703.9,False
28,81,2012-09-07,27370.05,25076.492,True
28,81,2012-09-14,19396.6,21082.484,False
28,81,2012-09-21,19031.37,20211.434,False
28,81,2012-09-28,18915.2,18441.658,False
28,81,2012-10-05,26148.56,28305.312,False
28,81,2012-10-12,21389.54,22019.928,False
28,81,2012-10-19,19479.33,20213.414,False
28,81,2012-10-26,20497.92,19932.887,False
30,90,2012-02-03,36718.18,37893.28,False
30,90,2012-02-10,37375.47,36692.29,True
30,90,2012-02-17,35120.84,35470.324,False
30,90,2012-02-24,35184.08,34769.207,False
30,90,2012-03-02,36233.09,34959.684,False
30,90,2012-03-09,36446.38,34076.12,False
30,90,2012-03-16,33731.06,33329.34,False
30,90,2012-03-23,35189.53,33789.055,False
30,90,2012-03-30,33960.13,33488.477,False
30,90,2012-04-06,35996.79,34375.035,False
30,90,2012-04-13,34488.31,33599.312,False
30,90,2012-04-20,36059.68,34785.055,False
30,90,2012-04-27,35412.3,33536.754,False
30,90,2012-05-04,35473.37,34858.707,False
30,90,2012-05-11,35865.6,33692.996,False
30,90,2012-05-18,35692.99,33854.67,False
30,90,2012-05-25,34252.09,33601.164,False
30,90,2012-06-01,34778.58,33947.746,False
30,90,2012-06-08,34595.08,34003.164,False
30,90,2012-06-15,35547.87,34205.71,False
30,90,2012-06-22,34408.27,33533.59,False
30,90,2012-06-29,33719.75,33760.33,False
30,90,2012-07-06,34238.59,34632.316,False
30,90,2012-07-13,33291.81,33701.78,False
30,90,2012-07-20,33365.59,33811.695,False
30,90,2012-07-27,33790.63,33437.125,False
30,90,2012-08-03,35347.87,34389.215,False
30,90,2012-08-10,34653.74,32728.504,False
30,90,2012-08-17,35463.01,32338.055,False
30,90,2012-08-24,35266.29,33241.438,False
30,90,2012-08-31,34826.01,31199.63,False
30,90,2012-09-07,36259.39,32410.158,True
30,90,2012-09-14,36607.5,31484.83,False
30,90,2012-09-21,37613.7,32353.086,False
30,90,2012-09-28,35398.16,32356.03,False
30,90,2012-10-05,37781.81,34221.8,False
30,90,2012-10-12,37495.76,34672.34,False
30,90,2012-10-19,36822.26,35128.4,False
30,90,2012-10-26,37110.15,35996.676,False
30,98,2012-02-03,3998.8,3353.2231,False
30,98,2012-02-10,4369.52,3534.0503,True
30,98,2012-02-17,4945.33,3658.4248,False
30,98,2012-02-24,3009.62,3183.0098,False
30,98,2012-03-02,2796.41,2969.7002,False
30,98,2012-03-09,3487.0,3067.1418,False
30,98,2012-03-16,3094.97,2887.706,False
30,98,2012-03-23,3592.16,2878.4797,False
30,98,2012-03-30,3399.81,2734.9539,False
30,98,2012-04-06,3941.96,2710.9731,False
30,98,2012-04-13,3517.34,3004.3174,False
30,98,2012-04-20,3178.35,3310.9,False
30,98,2012-04-27,3346.04,3376.2195,False
30,98,2012-05-04,3302.93,3063.8945,False
30,98,2012-05-11,3231.75,3018.3203,False
30,98,2012-05-18,3406.89,2809.4858,False
30,98,2012-05-25,3177.32,2789.635,False
30,98,2012-06-01,3215.51,2762.2322,False
30,98,2012-06-08,3007.07,2707.1223,False
30,98,2012-06-15,3143.95,2718.5698,False
30,98,2012-06-22,3265.55,2816.6665,False
30,98,2012-06-29,2895.36,2787.3845,False
30,98,2012-07-06,3602.5,2935.5986,False
30,98,2012-07-13,3090.48,2533.2349,False
30,98,2012-07-20,2897.76,2439.313,False
30,98,2012-07-27,2981.95,2525.0361,False
30,98,2012-08-03,2922.01,2425.2253,False
30,98,2012-08-10,2983.6,2460.948,False
30,98,2012-08-17,3160.01,2458.634,False
30,98,2012-08-24,3417.37,2407.0247,False
30,98,2012-08-31,3239.98,2102.04,False
30,98,2012-09-07,3487.86,2334.1672,True
30,98,2012-09-14,3212.16,2270.354,False
30,98,2012-09-21,3284.03,2336.8435,False
30,98,2012-09-28,3356.51,2804.114,False
30,98,2012-10-05,3271.37,3155.7227,False
30,98,2012-10-12,3468.53,3352.97,False
30,98,2012-10-19,4225.21,3523.6987,False
30,98,2012-10-26,3881.6,4078.459,False
31,17,2012-02-03,5182.88,6665.773,False
31,17,2012-02-10,9820.24,7037.7705,True
31,17,2012-02-17,8844.97,7854.9883,False
31,17,2012-02-24,8816.51,7076.615,False
31,17,2012-03-02,10488.59,7431.4585,False
31,17,2012-03-09,7329.09,7539.02,False
31,17,2012-03-16,9069.78,7811.8506,False
31,17,2012-03-23,8090.36,8170.2896,False
31,17,2012-03-30,7631.1,6764.5645,False
31,17,2012-04-06,6797.73,6916.4624,False
31,17,2012-04-13,6620.9,6884.228,False
31,17,2012-04-20,7404.7,8604.583,False
31,17,2012-04-27,5465.73,6820.7334,False
31,17,2012-05-04,6881.62,7544.9844,False
31,17,2012-05-11,8472.75,7006.9707,False
31,17,2012-05-18,8851.34,7690.644,False
31,17,2012-05-25,7467.24,7303.3286,False
31,17,2012-06-01,7737.22,7176.0527,False
31,17,2012-06-08,7006.63,6783.346,False
31,17,2012-06-15,7557.84,6990.1104,False
31,17,2012-06-22,7250.32,7376.927,False
31,17,2012-06-29,7624.34,6977.3213,False
31,17,2012-07-06,7111.43,7708.706,False
31,17,2012-07-13,7059.48,7087.1606,False
31,17,2012-07-20,10134.41,7925.8936,False
31,17,2012-07-27,6442.25,7054.855,False
31,17,2012-08-03,7303.58,7562.933,False
31,17,2012-08-10,7099.04,7575.7466,False
31,17,2012-08-17,9200.09,8173.787,False
31,17,2012-08-24,8038.34,7677.5874,False
31,17,2012-08-31,7376.78,7058.8945,False
31,17,2012-09-07,7224.16,7554.8857,True
31,17,2012-09-14,6789.05,7364.7246,False
31,17,2012-09-21,7808.09,7449.2446,False
31,17,2012-09-28,6648.79,6671.3623,False
31,17,2012-10-05,7199.2,6700.4727,False
31,17,2012-10-12,7072.48,7099.1914,False
31,17,2012-10-19,8544.66,7032.2656,False
31,17,2012-10-26,7661.51,8068.2153,False
31,34,2012-02-03,12081.99,10590.209,False
31,34,2012-02-10,15127.01,11311.736,True
31,34,2012-02-17,14060.68,12681.888,False
31,34,2012-02-24,13779.79,11487.916,False
31,34,2012-03-02,16684.21,12260.371,False
31,34,2012-03-09,14100.82,12111.619,False
31,34,2012-03-16,15920.44,12904.307,False
31,34,2012-03-23,16057.83,13091.136,False
31,34,2012-03-30,14049.71,11674.797,False
31,34,2012-04-06,18659.84,12306.928,False
31,34,2012-04-13,16737.0,12321.589,False
31,34,2012-04-20,14786.53,13930.79,False
31,34,2012-04-27,15553.62,12942.059,False
31,34,2012-05-04,16820.19,13584.129,False
31,34,2012-05-11,16329.46,14099.901,False
31,34,2012-05-18,17872.67,14442.627,False
31,34,2012-05-25,17914.73,14401.508,False
31,34,2012-06-01,14668.68,15878.01,False
31,34,2012-06-08,15971.85,15475.626,False
31,34,2012-06-15,14023.17,15795.551,False
31,34,2012-06-22,13403.78,15366.657,False
31,34,2012-06-29,14865.36,14853.757,False
31,34,2012-07-06,14193.39,15000.491,False
31,34,2012-07-13,11209.89,14179.913,False
31,34,2012-07-20,12012.0,14761.564,False
31,34,2012-07-27,10869.31,13665.401,False
31,34,2012-08-03,11467.03,13557.421,False
31,34,2012-08-10,12023.62,13257.813,False
31,34,2012-08-17,12006.25,13758.536,False
31,34,2012-08-24,14125.23,13945.007,False
31,34,2012-08-31,12176.52,11588.637,False
31,34,2012-09-07,10269.74,11541.3125,True
31,34,2012-09-14,12331.4,10992.858,False
31,34,2012-09-21,13307.29,12419.46,False
31,34,2012-09-28,10829.44,10433.3955,False
31,34,2012-10-05,13809.6,10584.179,False
31,34,2012-10-12,14494.24,10407.683,False
31,34,2012-10-19,12569.97,12705.011,False
31,34,2012-10-26,12975.36,12359.057,False
32,8,2012-02-03,25494.59,25081.342,False
32,8,2012-02-10,25038.74,25064.928,True
32,8,2012-02-17,27286.24,25941.064,False
32,8,2012-02-24,26086.63,25270.752,False
32,8,2012-03-02,26454.09,25236.9,False
32,8,2012-03-09,23980.29,24660.438,False
32,8,2012-03-16,25108.13,24583.086,False
32,8,2012-03-23,25951.58,25127.77,False
32,8,2012-03-30,24664.28,24117.043,False
32,8,2012-04-06,25001.94,24111.39,False
32,8,2012-04-13,24558.96,24563.562,False
32,8,2012-04-20,24732.5,26021.719,False
32,8,2012-04-27,23395.98,24760.307,False
32,8,2012-05-04,25062.92,25097.63,False
32,8,2012-05-11,25934.11,24105.936,False
32,8,2012-05-18,23741.57,25371.021,False
32,8,2012-05-25,25375.09,24791.186,False
32,8,2012-06-01,24432.79,24354.785,False
32,8,2012-06-08,23795.44,24380.8,False
32,8,2012-06-15,23998.65,25293.887,False
32,8,2012-06-22,21761.73,25668.0,False
32,8,2012-06-29,22583.89,24812.6,False
32,8,2012-07-06,24196.23,23978.799,False
32,8,2012-07-13,23708.46,23841.887,False
32,8,2012-07-20,24130.89,24224.973,False
32,8,2012-07-27,23662.13,24214.486,False
32,8,2012-08-03,24085.18,24349.09,False
32,8,2012-08-10,24545.71,23918.652,False
32,8,2012-08-17,22455.56,24144.76,False
32,8,2012-08-24,24242.22,24899.943,False
32,8,2012-08-31,24269.24,24135.4,False
32,8,2012-09-07,23497.01,24585.566,True
32,8,2012-09-14,23227.31,24727.377,False
32,8,2012-09-21,25041.16,25549.45,False
32,8,2012-09-28,23564.32,24111.91,False
32,8,2012-10-05,23989.38,24853.607,False
32,8,2012-10-12,22787.87,24283.615,False
32,8,2012-10-19,25393.73,26038.828,False
32,8,2012-10-26,24995.5,23968.898,False
32,52,2012-02-03,2163.6,2227.0806,False
32,52,2012-02-10,1777.54,2318.9116,True
32,52,2012-02-17,2934.98,2346.995,False
32,52,2012-02-24,1984.95,2400.3599,False
32,52,2012-03-02,2176.58,2547.1575,False
32,52,2012-03-09,2346.69,2597.5186,False
32,52,2012-03-16,2284.84,2537.011,False
32,52,2012-03-23,2836.94,2607.2368,False
32,52,2012-03-30,2691.41,2373.3237,False
32,52,2012-04-06,2307.13,2543.0374,False
32,52,2012-04-13,2315.52,2426.461,False
32,52,2012-04-20,3058.45,2548.6873,False
32,52,2012-04-27,2613.05,2419.2249,False
32,52,2012-05-04,2244.55,2625.0125,False
32,52,2012-05-11,2906.3,2673.932,False
32,52,2012-05-18,3290.66,2856.8132,False
32,52,2012-05-25,3364.86,2918.5574,False
32,52,2012-06-01,2511.5,2702.6255,False
32,52,2012-06-08,2175.78,2501.867,False
32,52,2012-06-15,2453.38,2502.539,False
32,52,2012-06-22,2247.02,2332.415,False
32,52,2012-06-29,2883.03,2509.8882,False
32,52,2012-07-06,2610.13,2186.5315,False
32,52,2012-07-13,2281.68,2037.5995,False
32,52,2012-07-20,1913.86,2143.743,False
32,52,2012-07-27,2345.19,2201.1506,False
32,52,2012-08-03,2383.0,2186.621,False
32,52,2012-08-10,2558.51,2077.6675,False
32,52,2012-08-17,2429.66,2072.288,False
32,52,2012-08-24,2031.71,2196.9573,False
32,52,2012-08-31,2729.99,2176.2039,False
32,52,2012-09-07,2098.01,1973.0984,True
32,52,2012-09-14,1882.18,2419.2786,False
32,52,2012-09-21,2329.89,2675.0862,False
32,52,2012-09-28,2453.02,2433.0862,False
32,52,2012-10-05,2077.0,2617.3013,False
32,52,2012-10-12,2824.33,2704.5442,False
32,52,2012-10-19,2638.69,2579.9785,False
32,52,2012-10-26,2893.68,2841.8428,False
33,74,2012-02-03,381.94,307.5669,False
33,74,2012-02-10,413.84,368.81274,True
33,74,2012-02-17,276.99,405.05594,False
33,74,2012-02-24,337.85,391.37122,False
33,74,2012-03-02,324.07,367.99017,False
33,74,2012-03-09,488.16,390.41968,False
33,74,2012-03-16,417.08,331.63498,False
33,74,2012-03-23,390.19,355.4693,False
33,74,2012-03-30,413.42,284.60922,False
33,74,2012-04-06,438.52,250.16339,False
33,74,2012-04-13,318.08,250.28273,False
33,74,2012-04-20,410.54,250.8038,False
33,74,2012-04-27,307.71,248.81186,False
33,74,2012-05-04,393.57,253.71948,False
33,74,2012-05-11,362.99,253.69374,False
33,74,2012-05-18,402.31,292.35138,False
33,74,2012-05-25,386.97,322.15747,False
33,74,2012-06-01,264.73,309.93396,False
33,74,2012-06-08,434.39,282.04297,False
33,74,2012-06-15,398.54,278.8479,False
33,74,2012-06-22,396.7,305.06305,False
33,74,2012-06-29,353.43,264.41052,False
33,74,2012-07-06,336.86,263.92307,False
33,74,2012-07-13,352.66,296.7173,False
33,74,2012-07-20,249.09,319.03265,False
33,74,2012-07-27,435.14,386.52573,False
33,74,2012-08-03,392.55,359.50336,False
33,74,2012-08-10,434.74,367.28946,False
33,74,2012-08-17,308.25,346.59668,False
33,74,2012-08-24,246.34,407.31732,False
33,74,2012-08-31,352.97,329.33932,False
33,74,2012-09-07,376.28,277.4629,True
33,74,2012-09-14,229.33,297.70206,False
33,74,2012-09-21,332.69,283.46527,False
33,74,2012-09-28,365.7,334.961,False
33,74,2012-10-05,311.5,377.16043,False
33,74,2012-10-12,257.17,280.41446,False
33,74,2012-10-19,232.46,315.32336,False
33,74,2012-10-26,313.12,351.61572,False
34,34,2012-02-03,6711.32,6616.036,False
34,34,2012-02-10,9402.51,7494.5195,True
34,34,2012-02-17,8962.52,7634.698,False
34,34,2012-02-24,7680.17,7234.3257,False
34,34,2012-03-02,8115.12,7153.598,False
34,34,2012-03-09,6810.43,7294.8975,False
34,34,2012-03-16,7274.58,8073.586,False
34,34,2012-03-23,6801.09,7458.766,False
34,34,2012-03-30,7417.53,6165.554,False
34,34,2012-04-06,8784.6,6938.797,False
34,34,2012-04-13,9473.33,6828.699,False
34,34,2012-04-20,8191.9,8229.178,False
34,34,2012-04-27,7941.71,6827.2603,False
34,34,2012-05-04,8102.95,6501.6733,False
34,34,2012-05-11,7743.43,7027.0347,False
34,34,2012-05-18,8797.45,7291.917,False
34,34,2012-05-25,9863.57,7635.8057,False
34,34,2012-06-01,8478.45,8290.801,False
34,34,2012-06-08,9453.19,8305.65,False
34,34,2012-06-15,7839.16,7688.7876,False
34,34,2012-06-22,6345.43,7005.0474,False
34,34,2012-06-29,5879.77,6223.087,False
34,34,2012-07-06,8250.32,6240.9307,False
34,34,2012-07-13,7101.64,5502.8315,False
34,34,2012-07-20,6349.85,5597.2363,False
34,34,2012-07-27,6799.81,5466.018,False
34,34,2012-08-03,7115.22,5961.699,False
34,34,2012-08-10,8126.84,6648.9746,False
34,34,2012-08-17,6754.31,6215.206,False
34,34,2012-08-24,5920.48,5529.25,False
34,34,2012-08-31,5361.96,4574.1025,False
34,34,2012-09-07,5567.67,5674.2676,True
34,34,2012-09-14,6366.77,6243.918,False
34,34,2012-09-21,5820.17,6977.9453,False
34,34,2012-09-28,5256.12,5281.005,False
34,34,2012-10-05,6410.1,5140.056,False
34,34,2012-10-12,6395.77,5965.875,False
34,34,2012-10-19,6247.43,6027.6006,False
34,34,2012-10-26,6244.65,6324.262,False
34,96,2012-02-03,17997.87,18371.096,False
34,96,2012-02-10,19112.33,17194.07,True
34,96,2012-02-17,17629.95,17747.605,False
34,96,2012-02-24,18871.78,17475.111,False
34,96,2012-03-02,17527.4,18062.482,False
34,96,2012-03-09,17322.77,17973.371,False
34,96,2012-03-16,17140.84,17674.04,False
34,96,2012-03-23,17318.04,18678.31,False
34,96,2012-03-30,17137.03,17361.31,False
34,96,2012-04-06,21071.25,17706.908,False
34,96,2012-04-13,19454.83,16814.736,False
34,96,2012-04-20,19423.6,19211.049,False
34,96,2012-04-27,19881.41,18542.592,False
34,96,2012-05-04,19243.75,18552.717,False
34,96,2012-05-11,18846.7,17820.756,False
34,96,2012-05-18,19393.91,18247.658,False
34,96,2012-05-25,22595.31,19169.273,False
34,96,2012-06-01,22243.17,19776.863,False
34,96,2012-06-08,20344.72,18782.4,False
34,96,2012-06-15,21470.75,18833.416,False
34,96,2012-06-22,22562.62,19218.402,False
34,96,2012-06-29,20801.06,20069.328,False
34,96,2012-07-06,25090.0,21153.531,False
34,96,2012-07-13,18886.45,19072.926,False
34,96,2012-07-20,20281.88,19761.404,False
34,96,2012-07-27,20303.64,19771.037,False
34,96,2012-08-03,20595.09,19935.957,False
34,96,2012-08-10,19344.85,19801.947,False
34,96,2012-08-17,20400.1,19834.572,False
34,96,2012-08-24,19747.59,19634.465,False
34,96,2012-08-31,21616.69,21489.805,False
34,96,2012-09-07,20745.77,22058.773,True
34,96,2012-09-14,18625.86,19979.666,False
34,96,2012-09-21,18801.86,19630.85,False
34,96,2012-09-28,19305.73,20060.227,False
34,96,2012-10-05,20046.39,21161.3,False
34,96,2012-10-12,19153.04,20751.398,False
34,96,2012-10-19,22449.45,21090.662,False
34,96,2012-10-26,23704.32,24739.504,False
35,83,2012-02-03,2505.46,2161.8176,False
35,83,2012-02-10,500.46,2202.7603,True
35,83,2012-02-17,971.48,2341.1848,False
35,83,2012-02-24,783.34,2376.46,False
35,83,2012-03-02,1332.8,2458.5334,False
35,83,2012-03-09,1660.2,2551.7446,False
35,83,2012-03-16,2999.16,2604.1045,False
35,83,2012-03-23,2648.58,2127.043,False
35,83,2012-03-30,1893.24,2260.5327,False
35,83,2012-04-06,2387.32,2058.4783,False
35,83,2012-04-13,2070.34,2086.863,False
35,83,2012-04-20,2048.66,2469.8914,False
35,83,2012-04-27,1205.38,1337.475,False
35,83,2012-05-04,793.52,1097.0679,False
35,83,2012-05-11,644.32,647.5906,False
35,83,2012-05-18,837.46,757.80444,False
35,83,2012-05-25,281.46,703.1831,False
35,83,2012-06-01,241.02,454.61304,False
35,83,2012-06-08,352.28,535.51245,False
35,83,2012-06-15,1557.34,646.4177,False
35,83,2012-06-22,428.08,590.563,False
35,83,2012-06-29,1570.79,697.32764,False
35,83,2012-07-06,2076.19,696.76416,False
35,83,2012-07-13,2262.74,704.97314,False
35,83,2012-07-20,1926.82,713.5608,False
35,83,2012-07-27,1939.82,557.43286,False
35,83,2012-08-03,2307.28,509.26416,False
35,83,2012-08-10,2156.5,383.6631,False
35,83,2012-08-17,1883.1,346.19678,False
35,83,2012-08-24,2065.47,662.8716,False
35,83,2012-08-31,1955.0,404.2666,False
35,83,2012-09-07,2889.04,356.9519,True
35,83,2012-09-14,2210.49,410.34937,False
35,83,2012-09-21,1835.59,460.4563,False
35,83,2012-09-28,1911.89,210.83179,False
35,83,2012-10-05,2431.04,483.1975,False
35,83,2012-10-12,2468.13,2158.5012,False
35,83,2012-10-19,2101.16,2551.8232,False
35,83,2012-10-26,1781.87,2334.348,False
37,87,2012-02-03,1154.06,1258.3938,False
37,87,2012-02-10,1065.98,1235.9236,True
37,87,2012-02-17,1141.91,1072.9045,False
37,87,2012-02-24,1168.92,1162.9888,False
37,87,2012-03-02,1085.78,1270.5432,False
37,87,2012-03-09,988.98,1105.1235,False
37,87,2012-03-16,1342.64,904.8815,False
37,87,2012-03-23,759.34,1053.8787,False
37,87,2012-03-30,1126.14,1150.153,False
37,87,2012-04-06,774.4,1072.4216,False
37,87,2012-04-13,1478.93,1058.047,False
37,87,2012-04-20,709.44,990.90216,False
37,87,2012-04-27,1226.66,989.0003,False
37,87,2012-05-04,1277.6,1234.3375,False
37,87,2012-05-11,1208.5,976.46216,False
37,87,2012-05-18,1265.86,1040.0697,False
37,87,2012-05-25,1378.48,1118.7062,False
37,87,2012-06-01,1348.68,1075.6562,False
37,87,2012-06-08,1330.22,1210.578,False
37,87,2012-06-15,1150.88,964.624,False
37,87,2012-06-22,1176.15,1048.4135,False
37,87,2012-06-29,1397.02,1085.3754,False
37,87,2012-07-06,1409.68,1181.9508,False
37,87,2012-07-13,875.9,1071.1816,False
37,87,2012-07-20,1384.08,948.6734,False
37,87,2012-07-27,1379.32,1004.9345,False
37,87,2012-08-03,1329.18,1212.2883,False
37,87,2012-08-10,1334.4,1124.7821,False
37,87,2012-08-17,1139.32,949.8314,False
37,87,2012-08-24,1673.2,1225.6619,False
37,87,2012-08-31,1420.58,1047.6714,False
37,87,2012-09-07,1388.72,1347.23,True
37,87,2012-09-14,1224.18,1238.4589,False
37,87,2012-09-21,959.12,1263.1849,False
37,87,2012-09-28,1164.0,1050.3384,False
37,87,2012-10-05,1284.24,1336.5986,False
37,87,2012-10-12,1076.59,1021.65094,False
37,87,2012-10-19,1390.18,1279.3546,False
37,87,2012-10-26,1333.02,1026.646,False
45,3,2012-02-03,8804.67,9316.988,False
45,3,2012-02-10,9051.15,8392.545,True
45,3,2012-02-17,8331.95,9175.338,False
45,3,2012-02-24,7380.91,9071.999,False
45,3,2012-03-02,8281.43,9639.464,False
45,3,2012-03-09,7844.38,8995.06,False
45,3,2012-03-16,7685.62,8364.23,False
45,3,2012-03-23,7245.4,8024.1777,False
45,3,2012-03-30,6965.04,7768.1846,False
45,3,2012-04-06,8244.68,8044.2197,False
45,3,2012-04-13,6685.36,7441.131,False
45,3,2012-04-20,5975.36,7934.9106,False
45,3,2012-04-27,6187.7,6360.967,False
45,3,2012-05-04,6505.32,7348.8643,False
45,3,2012-05-11,6451.89,6833.2227,False
45,3,2012-05-18,5475.62,7096.052,False
45,3,2012-05-25,6480.59,7371.7773,False
45,3,2012-06-01,5660.57,6406.7783,False
45,3,2012-06-08,6092.34,6097.4756,False
45,3,2012-06-15,5673.82,6426.71,False
45,3,2012-06-22,5540.58,6234.8613,False
45,3,2012-06-29,5655.11,6943.7266,False
45,3,2012-07-06,6405.07,7760.6133,False
45,3,2012-07-13,10673.09,7989.5977,False
45,3,2012-07-20,13570.39,11640.593,False
45,3,2012-07-27,13170.82,13974.623,False
45,3,2012-08-03,15167.98,16911.256,False
45,3,2012-08-10,16923.18,17822.508,False
45,3,2012-08-17,17348.89,20165.254,False
45,3,2012-08-24,25021.84,22904.43,False
45,3,2012-08-31,35080.41,26699.547,False
45,3,2012-09-07,35888.56,22528.514,True
45,3,2012-09-14,15488.13,14459.184,False
45,3,2012-09-21,10805.87,11947.522,False
45,3,2012-09-28,7657.71,9898.359,False
45,3,2012-10-05,7731.7,9993.009,False
45,3,2012-10-12,6880.1,8263.584,False
45,3,2012-10-19,6352.19,8247.115,False
45,3,2012-10-26,6726.03,7966.9585,False
45,81,2012-02-03,14667.14,14090.416,False
45,81,2012-02-10,15006.09,14025.327,True
45,81,2012-02-17,14301.52,13835.968,False
45,81,2012-02-24,14299.28,13727.65,False
45,81,2012-03-02,14653.37,13919.984,False
45,81,2012-03-09,14866.13,14252.42,False
45,81,2012-03-16,14611.88,13771.539,False
45,81,2012-03-23,13882.26,13805.41,False
45,81,2012-03-30,13889.2,13902.33,False
45,81,2012-04-06,15033.51,14829.404,False
45,81,2012-04-13,13299.76,14485.648,False
45,81,2012-04-20,14343.9,15609.407,False
45,81,2012-04-27,14662.04,13822.298,False
45,81,2012-05-04,16156.6,14855.116,False
45,81,2012-05-11,14729.54,14487.468,False
45,81,2012-05-18,14610.53,15022.648,False
45,81,2012-05-25,14782.76,15217.712,False
45,81,2012-06-01,14986.23,15845.141,False
45,81,2012-06-08,14789.3,16015.054,False
45,81,2012-06-15,14426.43,15662.671,False
45,81,2012-06-22,13862.29,14562.093,False
45,81,2012-06-29,14053.68,14638.884,False
45,81,2012-07-06,15548.2,15246.435,False
45,81,2012-07-13,13777.29,14741.722,False
45,81,2012-07-20,13679.85,14639.708,False
45,81,2012-07-27,13182.09,14353.244,False
45,81,2012-08-03,14382.04,14599.254,False
45,81,2012-08-10,14999.77,14594.78,False
45,81,2012-08-17,14342.09,14343.4,False
45,81,2012-08-24,13804.61,18213.201,False
45,81,2012-08-31,14205.93,14575.249,False
45,81,2012-09-07,15073.25,15935.756,True
45,81,2012-09-14,14348.0,15106.887,False
45,81,2012-09-21,14473.39,15474.64,False
45,81,2012-09-28,14527.13,14295.885,False
45,81,2012-10-05,14409.33,15294.186,False
45,81,2012-10-12,14805.25,14792.175,False
45,81,2012-10-19,14132.65,14386.997,False
45,81,2012-10-26,14693.09,14536.736,False
